 SNR:3.50: 	 FER= 0 / 2001 = 0.000000  	 BER= 0 / x = 	 0.000000  avr_it= 	 1.83 	 time: Thu Mar 20 16:01:58 2025
 SNR:3.50: 	 FER= 0 / 2001 = 0.000000  	 BER= 0 / x = 	 0.000000  avr_it= 	 1.83 	 time: Thu Mar 20 16:03:06 2025
 SNR:3.50: 	 FER= 0 / 2001 = 0.000000  	 BER= 0 / x = 	 0.000000  avr_it= 	 1.83 	 time: Thu Mar 20 16:03:15 2025
