 SNR:3.50: 	 FER= 40 / 671 = 0.059613  	 BER= 621 / x = 	 0.001928  avr_it= 	 2.73 	 time: Tue Oct 29 10:53:59 2024
 SNR:3.50: 	 FER= 40 / 671 = 0.059613  	 BER= 621 / x = 	 0.001928  avr_it= 	 2.73 	 time: Wed Feb 12 16:33:34 2025
